-0.333333 6 -0.625000 16 -0.076923 26 -0.500000 16 -0.176471 17 -0.444444 18 -0.636364 22 -0.444444 18 -0.643836 73 -0.733333 15 
-0.200000 40 -0.234043 47 -0.458333 48 0.142857 63 -0.163636 55 -0.531915 47 -0.250000 48 -0.627119 59 -0.540000 200 -0.886792 53 
-0.344828 58 -0.037037 54 -0.381818 55 -0.371429 70 -0.175000 80 -0.382716 81 -0.571428 84 -0.500000 72 -0.669065 278 -0.777778 72 
-0.247312 93 -0.281554 103 -0.200000 80 0.069767 86 -0.290323 124 -0.474747 99 -0.490909 110 -0.576923 104 -0.483696 368 -0.852632 95 
-0.176470 119 -0.137931 116 -0.221239 113 -0.180952 105 -0.261261 111 -0.319149 141 -0.741936 124 -0.645161 124 -0.511111 495 -0.727273 132 
-0.189542 153 -0.221476 149 -0.185714 140 -0.097561 164 -0.092199 141 -0.520468 171 -0.431579 190 -0.500000 152 -0.578314 664 -0.820896 134 
-0.163044 184 -0.275862 174 -0.204420 181 -0.180723 166 -0.226519 181 -0.441341 179 -0.500000 172 -0.630952 168 -0.549498 697 -0.733333 195 
-0.345794 214 -0.242105 190 -0.113636 176 -0.115152 165 -0.144144 222 -0.465438 217 -0.551020 196 -0.512953 193 -0.596865 893 -0.784313 204 
-0.193277 357 -0.258312 391 -0.144208 423 -0.126829 410 -0.190361 415 -0.405276 417 -0.534314 408 -0.527777 432 -0.544845 1639 -0.761040 385 
-0.263830 470 -0.382586 379 -0.135135 407 -0.173913 368 -0.235849 424 -0.463918 485 -0.495689 464 -0.535545 422 -0.587010 1632 -0.780549 401 
-0.289099 422 -0.315662 415 -0.133956 321 -0.126050 357 -0.180095 422 -0.514360 383 -0.524271 412 -0.502415 414 -0.603295 1578 -0.743869 367 
-0.361596 401 -0.252577 388 -0.174129 402 -0.162791 344 -0.190588 425 -0.467290 428 -0.530667 375 -0.570755 424 -0.547288 1586 -0.733681 383 
-0.273196 388 -0.302211 407 -0.279570 372 -0.112245 392 -0.189349 338 -0.478908 403 -0.502564 390 -0.545692 383 -0.567820 1504 -0.765396 341 
-0.231169 385 -0.108939 358 -0.098280 407 -0.042105 380 0.012658 395 -0.094708 359 -0.391304 414 -0.401055 379 -0.460606 1485 -0.633246 379 
0.159269 383 0.118280 372 0.197222 360 0.189415 359 0.197995 399 0.428571 378 0.110063 318 -0.254190 358 -0.149091 1375 -0.302594 347 
0.433048 351 0.370370 351 0.455738 305 0.391931 347 0.554974 382 0.598015 403 0.605820 378 0.310850 341 -0.020634 1357 -0.146199 342 
0.676660 467 0.652495 541 0.645282 530 0.693227 502 0.695568 519 0.778210 514 0.810639 470 0.705522 489 0.477867 1875 0.203742 481 
0.900474 211 0.847619 210 0.855670 194 0.885246 183 0.853211 218 0.915179 224 0.941490 188 0.912664 229 0.884198 829 0.662338 154 

-0.333333 9 0.058824 17 -0.000000 14 -0.647059 17 -0.684210 19 -0.333333 15 -0.583333 24 -0.600000 20 -0.555555 63 -0.727273 11 
-0.289474 38 -0.600000 20 -0.333333 42 -0.206349 63 -0.352941 51 -0.471698 53 -0.423077 52 -0.583333 48 -0.467391 184 -0.783784 37 
-0.430769 65 -0.615385 52 -0.491228 57 -0.396826 63 -0.394737 76 -0.500000 68 -0.555556 54 -0.474576 59 -0.549295 284 -0.689655 58 
-0.387500 80 -0.344444 90 -0.375000 80 -0.337500 80 -0.303571 112 -0.380952 105 -0.529914 117 -0.559524 84 -0.561405 399 -0.747826 115 
-0.381356 118 -0.477064 109 -0.317830 129 -0.261261 111 -0.190083 121 -0.445256 137 -0.235714 140 -0.537879 132 -0.562624 503 -0.730769 104 
-0.322368 152 -0.467105 152 -0.221374 131 -0.393103 145 -0.345324 139 -0.115385 130 -0.223464 179 -0.462500 160 -0.555735 619 -0.623457 162 
-0.229885 174 -0.293333 150 -0.182353 170 -0.345238 168 -0.294872 156 -0.245989 187 -0.343949 157 -0.248555 173 -0.447806 661 -0.490323 155 
-0.427027 185 -0.345361 194 -0.313830 188 -0.286408 206 -0.227907 215 -0.279279 222 -0.370370 216 -0.326633 199 -0.411489 853 -0.572916 192 
-0.560371 323 -0.534391 378 -0.485849 424 -0.579070 430 -0.557143 420 -0.600452 443 -0.553884 399 -0.533633 446 -0.616495 1661 -0.707866 356 
-0.530121 415 -0.526463 359 -0.583535 413 -0.628297 417 -0.511509 391 -0.557214 402 -0.591584 404 -0.603036 461 -0.668992 1577 -0.769036 394 
-0.619048 399 -0.595907 391 -0.605113 352 -0.648438 384 -0.528302 424 -0.556053 446 -0.639225 413 -0.650124 403 -0.713592 1648 -0.784415 385 
-0.701058 378 -0.637890 417 -0.719160 381 -0.667605 355 -0.658227 395 -0.558536 410 -0.721271 409 -0.733496 409 -0.724159 1664 -0.836899 374 
-0.752577 388 -0.760309 388 -0.685715 350 -0.728000 375 -0.679738 306 -0.656934 411 -0.762431 362 -0.749386 407 -0.753624 1518 -0.822715 361 
-0.673522 389 -0.676549 371 -0.785145 377 -0.724999 360 -0.751309 382 -0.629080 337 -0.765625 384 -0.751939 387 -0.774015 1447 -0.882978 376 
-0.794872 312 -0.812500 336 -0.795014 361 -0.782609 345 -0.793815 388 -0.765957 329 -0.758112 339 -0.827692 325 -0.836416 1406 -0.849840 313 
-0.892857 308 -0.840237 338 -0.853658 328 -0.883721 344 -0.830409 342 -0.857550 351 -0.838527 353 -0.821876 320 -0.860332 1389 -0.923781 328 
-0.878350 485 -0.929412 510 -0.915322 496 -0.936782 522 -0.910092 545 -0.901141 526 -0.933824 544 -0.918327 502 -0.919293 1809 -0.961538 468 
-1.000000 219 -1.000000 193 -1.000000 188 -1.000000 192 -1.000000 194 -1.000000 208 -1.000000 224 -1.000000 202 -1.000000 841 -1.000000 189 


0.000000 0 0.000000 0 0.000000 0 0.000000 0 0.000000 0 0.000000 0 0.000000 0 0.000000 0 0.000000 0 0.000000 0 
0.000000 0 0.000000 0 0.000000 0 0.000000 0 0.000000 0 0.000000 0 0.000000 0 0.000000 0 0.000000 0 0.000000 0 
0.000000 0 0.000000 0 0.000000 0 0.000000 0 0.000000 0 0.000000 0 0.000000 0 0.000000 0 0.000000 0 0.000000 0 
0.000000 0 0.000000 0 0.000000 0 0.000000 0 0.000000 0 0.000000 0 0.000000 0 0.000000 0 0.000000 0 0.000000 0 
0.000000 0 0.000000 0 0.000000 0 0.000000 0 0.000000 0 0.000000 0 0.000000 0 0.000000 0 0.000000 0 0.000000 0 
0.000000 0 0.000000 0 0.000000 0 0.000000 0 0.000000 0 0.000000 0 0.000000 0 0.000000 0 0.000000 0 0.000000 0 
0.000000 0 0.000000 0 0.000000 0 0.000000 0 0.000000 0 0.000000 0 0.000000 0 0.000000 0 0.000000 0 0.000000 0 
0.000000 0 0.000000 0 0.000000 0 0.000000 0 0.000000 0 0.000000 0 0.000000 0 0.000000 0 0.000000 0 0.000000 0 
-0.538462 13 -0.047619 21 -0.428571 14 -0.181818 22 0.111111 18 -0.636364 11 -0.222222 18 -0.571429 14 -0.461539 78 -1.000000 8 
0.028571 35 -0.125000 48 -0.045455 44 -0.045455 44 -0.304348 46 -0.500000 44 -0.409836 61 -0.589743 39 -0.470588 170 -0.928571 28 
-0.285714 42 -0.348837 43 -0.074074 54 -0.257143 35 0.054545 55 -0.440000 50 -0.600000 45 -0.428571 42 -0.555555 171 -0.789474 38 
-0.018182 55 -0.333333 48 -0.000000 36 -0.185185 54 -0.306122 49 -0.547170 53 -0.441861 43 -0.661017 59 -0.520408 196 -0.611111 36 
-0.120000 50 -0.090909 44 -0.054545 55 -0.069767 43 -0.019608 51 -0.529412 68 -0.580645 62 -0.673469 49 -0.594595 222 -0.681818 44 
-0.225807 62 -0.163934 61 0.148148 54 0.054545 55 0.084746 59 -0.103448 58 -0.417910 67 -0.500000 56 -0.476415 212 -0.571429 42 
0.028571 70 -0.090909 66 0.152542 59 0.218750 64 0.076923 65 0.250000 60 0.036585 82 -0.046154 65 -0.251064 235 -0.275862 29 
0.280702 57 0.372093 43 0.627119 59 0.476923 65 0.548387 62 0.704546 88 0.370370 54 0.328571 70 0.041284 218 -0.189189 37 
0.763889 72 0.760000 75 0.532258 62 0.660000 50 0.741935 62 0.753086 81 0.757576 66 0.775510 49 0.460432 278 0.052632 57 
0.906433 171 0.864131 184 0.903553 197 0.879397 199 0.901345 223 0.910377 212 0.970443 203 0.945701 221 0.898833 771 0.654929 142 

0.000000 0 0.000000 0 0.000000 0 0.000000 0 0.000000 0 0.000000 0 0.000000 0 0.000000 0 0.000000 0 0.000000 0 
0.000000 0 0.000000 0 0.000000 0 0.000000 0 0.000000 0 0.000000 0 0.000000 0 0.000000 0 0.000000 0 0.000000 0 
0.000000 0 0.000000 0 0.000000 0 0.000000 0 0.000000 0 0.000000 0 0.000000 0 0.000000 0 0.000000 0 0.000000 0 
0.000000 0 0.000000 0 0.000000 0 0.000000 0 0.000000 0 0.000000 0 0.000000 0 0.000000 0 0.000000 0 0.000000 0 
0.000000 0 0.000000 0 0.000000 0 0.000000 0 0.000000 0 0.000000 0 0.000000 0 0.000000 0 0.000000 0 0.000000 0 
0.000000 0 0.000000 0 0.000000 0 0.000000 0 0.000000 0 0.000000 0 0.000000 0 0.000000 0 0.000000 0 0.000000 0 
0.000000 0 0.000000 0 0.000000 0 0.000000 0 0.000000 0 0.000000 0 0.000000 0 0.000000 0 0.000000 0 0.000000 0 
0.000000 0 0.000000 0 0.000000 0 0.000000 0 0.000000 0 0.000000 0 0.000000 0 0.000000 0 0.000000 0 0.000000 0 
0.250000 16 -0.066667 15 -0.315789 19 -0.250000 8 -0.294118 17 -0.000000 20 -0.133333 15 -0.333333 27 -0.350877 57 -0.769231 13 
-0.156250 32 -0.333333 48 -0.285714 42 -0.000000 52 -0.489796 49 -0.136364 66 -0.192308 52 -0.422222 45 -0.369942 173 -0.217391 23 
-0.200000 55 -0.307692 39 -0.205128 39 -0.220000 50 -0.000000 59 -0.340425 47 -0.295455 44 -0.510638 47 -0.386139 202 -0.500000 40 
-0.446809 47 -0.061224 49 -0.115385 26 -0.120000 50 -0.109375 64 -0.037736 53 -0.272727 44 -0.472727 55 -0.398990 198 -0.533333 30 
-0.127273 55 -0.048387 62 -0.293103 58 -0.200000 40 0.120000 50 -0.173913 69 -0.500000 36 -0.507463 67 -0.361446 249 -0.634146 41 
-0.246154 65 -0.072727 55 -0.481481 54 -0.318182 44 -0.063830 47 -0.095238 63 -0.489796 49 -0.370968 62 -0.461207 232 -0.485714 35 
-0.431034 58 -0.115385 52 -0.026667 75 -0.145455 55 -0.157143 70 -0.232558 43 -0.030769 65 -0.554054 74 -0.438298 235 -0.317073 41 
-0.350877 57 -0.111111 63 -0.166667 54 -0.129032 62 -0.175676 74 -0.291667 72 -0.277778 54 -0.493151 73 -0.436214 243 -0.411765 34 
-0.295775 71 -0.243902 82 -0.194030 67 -0.343284 67 -0.200000 65 -0.238095 63 -0.362637 91 -0.213115 61 -0.474747 297 -0.534884 43 
-0.405128 195 -0.338710 186 -0.133663 202 -0.329787 188 -0.170616 211 -0.257009 214 -0.305310 226 -0.409756 205 -0.427657 781 -0.453901 141 


